1 591 343 22 12
1 664 335 11 4
1 657 235 7 10
1 703 275 14 11
1 104 287 9 8
1 63 154 9 11
1 149 251 9 7
1 512 457 5 5
1 565 358 11 6
2 267 111 11 6
2 307 96 6 5
2 194 19 9 9
2 625 87 8 4
2 585 82 9 6
2 577 94 4 7
2 705 59 7 9
2 673 67 8 10
2 378 137 7 3
3 451 239 14 14
3 434 348 18 12
3 334 380 19 5
3 124 394 14 11
3 143 429 16 8
3 230 311 10 5
3 369 258 10 8
3 465 290 13 11
3 461 329 15 9
3 380 378 15 9
4 673 538 11 6
4 620 563 13 4
4 275 567 16 1
4 246 591 9 10
4 464 565 12 7
4 527 584 9 8
4 315 602 12 8
